-4326  4307  -4561  -5107
-4471  4166  -4394  -5258
-4609  4021  -4225  -5399
-4738  3874  -4055  -5530
-4857  3723  -3875  -5653
-4972  3563  -3679  -5775
-5085  3392  -3476  -5895
-5194  3213  -3272  -6008
-5297  3033  -3069  -6110
-5395  2856  -2866  -6208
-5494  2682  -2662  -6307
-5589  2505  -2453  -6400
-5672  2319  -2237  -6478
-5740  2126  -2019  -6540
-5801  1935  -1805  -6599
-5865  1748  -1594  -6663
-5927  1558  -1375  -6722
-5979  1358  -1146  -6761
-6012  1152  -914  -6780
-6035  950   -690  -6791
-6057  758   -473  -6810
-6085  568   -253  -6837
-6113  370   -24   -6856
-6127  165   205   -6853
-6124  -39   429   -6831
-6112  -237  650   -6807
-6100  -434  877   -6787
-6089  -639  1109  -6764
-6070  -846  1338  -6728
-6039  -1048  1558  -6677
-5999  -1241  1770  -6618
-5953  -1431  1982  -6554
-5903  -1624  2197  -6487
-5849  -1820  2413  -6416
-5788  -2014  2626  -6336
-5718  -2201  2829  -6243
-5638  -2379  3023  -6139
-5554  -2552  3212  -6034
-5466  -2727  3405  -5929
-5373  -2907  3606  -5817
-5274  -3090  3809  -5696
-5172  -3270  4004  -5569
-5067  -3442  4183  -5440
-4954  -3603  4349  -5305
-4831  -3756  4515  -5162
-4705  -3909  4687  -5012
-4579  -4063  4859  -4857
-4450  -4213  5018  -4698
-4308  -4353  5165  -4529
-4153  -4491  5311  -4347
-3987  -4630  5455  -4156
-3819  -4759  5581  -3965
-3660  -4863  5682  -3781
-3505  -4954  5781  -3595
-3336  -5057  5902  -3392
-3147  -5185  6041  -3175
-2955  -5318  6174  -2969
-2784  -5437  6288  -2787
-2634  -5536  6383  -2611
-2476  -5619  6459  -2416
-2295  -5685  6514  -2200
-2101  -5737  6561  -1979
-1908  -5788  6616  -1762
-1715  -5846  6680  -1540
-1515  -5909  6741  -1310
-1310  -5966  6788  -1082
-1114  -6011  6820  -868
-930  -6045  6842  -661
-745  -6068  6854  -445
-546  -6082  6859  -218
-340  -6090  6857  6   
-142  -6092  6850  219 
45    -6091  6838  428 
235   -6089  6822  650 
437   -6084  6800  881 
644   -6068  6768  1105
840   -6039  6724  1313
1025  -6003  6677  1521
1218  -5972  6632  1745
1427  -5939  6578  1982
1638  -5891  6506  2206
1828  -5822  6421  2400
1996  -5751  6338  2579
2163  -5691  6260  2770
2347  -5634  6175  2982
2543  -5561  6073  3197
2731  -5470  5961  3394
2907  -5372  5845  3580
3078  -5276  5726  3767
3252  -5176  5603  3958
3421  -5068  5474  4138
3578  -4956  5339  4303
3730  -4840  5194  4466
3884  -4715  5039  4635
4040  -4579  4880  4803
4190  -4439  4719  4961
4330  -4300  4558  5106
4465  -4163  4395  5247
4598  -4024  4227  5388
4732  -3876  4050  5528
4861  -3718  3862  5660
4979  -3552  3671  5780
5083  -3387  3486  5888
5179  -3227  3304  5991
5281  -3068  3116  6098
5386  -2903  2916  6204
5483  -2726  2707  6295
5562  -2540  2495  6371
5632  -2352  2283  6442
5704  -2167  2072  6517
5780  -1985  1861  6589
5850  -1802  1649  6649
5909  -1615  1437  6697
5960  -1426  1226  6741
6005  -1235  1011  6779
6038  -1039  788   6804
6059  -840  561   6815
6074  -643  341   6824
6091  -453  125   6837
6111  -261  -98   6846
6121  -58   -330  6839
6115  149   -554  6814
6098  344   -759  6785
6084  525   -959  6763
6076  710   -1177  6743
6063  910   -1411  6713
6033  1116  -1639  6662
5987  1313  -1850  6596
5934  1500  -2056  6524
5880  1687  -2270  6456
5824  1879  -2487  6386
5764  2070  -2693  6306
5696  2254  -2889  6212
5617  2433  -3083  6109
5530  2611  -3282  6004
5439  2791  -3481  5898
5347  2970  -3674  5786
5250  3142  -3856  5664
5145  3306  -4031  5533
5030  3466  -4206  5396
4909  3628  -4385  5255
4788  3789  -4559  5111
4667  3941  -4719  4966
4541  4085  -4870  4815
4405  4226  -5022  4654
4260  4370  -5176  4482
4111  4512  -5325  4305
3962  4646  -5463  4129
3811  4769  -5592  3955
3655  4887  -5714  3778
3498  5001  -5833  3597
3342  5112  -5950  3410
3181  5225  -6069  3216
3010  5336  -6183  3015
2828  5436  -6280  2809
2640  5517  -6356  2600
2454  5587  -6422  2389
2269  5657  -6493  2177
2084  5732  -6573  1962
1893  5808  -6650  1742
1697  5876  -6712  1521
1502  5930  -6753  1304
1313  5969  -6778  1093
1124  6000  -6799  876 
924   6028  -6821  645 
716   6055  -6841  409 
511   6076  -6851  184 
318   6088  -6852  -28 
128   6094  -6848  -242
-73   6096  -6841  -470
-285  6093  -6824  -711
-500  6083  -6796  -949
-706  6065  -6762  -1172
-898  6042  -6726  -1376
-1078  6015  -6684  -1577
-1262  5980  -6631  -1790
-1461  5934  -6568  -2017
-1667  5880  -6497  -2238
-1862  5822  -6420  -2444
-2044  5760  -6337  -2642
-2227  5693  -6246  -2848
-2421  5616  -6148  -3062
-2615  5530  -6042  -3268
-2796  5438  -5927  -3458
-2963  5342  -5806  -3638
-3125  5242  -5682  -3821
-3295  5138  -5556  -4013
-3471  5028  -5424  -4204
-3644  4915  -5288  -4384
-3805  4797  -5144  -4548
-3956  4672  -4990  -4705
-4102  4534  -4825  -4862
-4245  4389  -4658  -5016
-4383  4246  -4497  -5162
-4517  4109  -4337  -5305
-4652  3970  -4163  -5447
-4785  3816  -3973  -5581
-4903  3650  -3782  -5697
-5007  3483  -3598  -5806
-5113  3324  -3415  -5924
-5233  3163  -3219  -6050
-5351  2989  -3010  -6163
-5450  2800  -2796  -6254
-5532  2610  -2584  -6335
-5611  2428  -2374  -6417
-5690  2253  -2168  -6495
-5760  2077  -1966  -6560
-5819  1892  -1760  -6616
-5875  1700  -1542  -6668
-5928  1505  -1318  -6709
-5965  1314  -1096  -6736
-5990  1122  -877  -6760
-6020  924   -651  -6795
-6063  718   -419  -6832
-6102  511   -191  -6852
-6120  311   29    -6850
-6119  121   242   -6840
-6115  -67   456   -6830
-6114  -257  675   -6816
-6109  -453  898   -6791
-6094  -653  1120  -6757
-6071  -852  1340  -6719
-6039  -1051  1565  -6670
-5995  -1255  1794  -6607
-5943  -1457  2014  -6537
-5888  -1648  2217  -6468
-5833  -1830  2413  -6399
-5776  -2011  2617  -6325
-5715  -2199  2828  -6243
-5644  -2385  3033  -6151
-5562  -2564  3225  -6045
-5469  -2738  3413  -5930
-5372  -2911  3605  -5814
-5277  -3086  3800  -5699
-5179  -3258  3988  -5578
-5069  -3425  4164  -5443
-4951  -3583  4328  -5303
-4835  -3735  4494  -5164
-4718  -3889  4668  -5022
-4592  -4047  4843  -4865
-4450  -4200  5003  -4697
-4299  -4343  5146  -4524
-4149  -4477  5285  -4354
-4003  -4610  5426  -4184
-3858  -4738  5561  -4013
-3709  -4855  5682  -3835
-3548  -4966  5797  -3648
-3378  -5080  5917  -3455
-3209  -5195  6036  -3262
-3043  -5302  6142  -3066
-2873  -5396  6237  -2861
-2690  -5485  6327  -2648
-2501  -5569  6413  -2439
-2315  -5648  6488  -2236
-2134  -5718  6553  -2029
-1950  -5782  6614  -1810
-1758  -5841  6669  -1587
-1565  -5892  6716  -1371
-1374  -5937  6757  -1156
-1176  -5983  6796  -933
-971  -6030  6831  -702
-767  -6064  6852  -473
-572  -6079  6855  -254
-379  -6083  6851  -38 
-181  -6089  6849  183 
22    -6098  6844  411 
223   -6098  6830  638 
422   -6086  6805  861 
620   -6067  6776  1075
814   -6048  6744  1285
1004  -6025  6703  1496
1195  -5993  6649  1716
1392  -5949  6586  1939
1589  -5896  6519  2152
1780  -5841  6449  2355
1967  -5784  6373  2558
2156  -5724  6288  2768
2345  -5650  6189  2977
2528  -5561  6079  3176
2704  -5468  5967  3366
2878  -5378  5856  3553
3052  -5287  5739  3740
3223  -5184  5612  3925
3391  -5074  5480  4107
3554  -4963  5348  4285
3716  -4850  5210  4459
3874  -4729  5061  4629
4032  -4598  4906  4796
4185  -4464  4749  4954
4329  -4329  4589  5100
4461  -4189  4422  5236
4584  -4042  4247  5370
4705  -3890  4070  5502
4827  -3738  3896  5629
4947  -3589  3724  5752
5065  -3438  3543  5873
5178  -3276  3345  5988
5281  -3099  3133  6093
5375  -2913  2924  6186
5465  -2736  2728  6277
5555  -2567  2536  6365
5640  -2394  2329  6444
5711  -2203  2105  6510
5771  -2004  1882  6567
5829  -1814  1673  6624
5887  -1634  1468  6679
5943  -1449  1253  6728
5990  -1253  1024  6767
6027  -1051  792   6794
6055  -850  565   6812
6076  -653  347   6825
6093  -459  132   6834
6107  -264  -86   6838
6115  -65   -310  6831
6113  135   -535  6813
6102  327   -751  6791
6086  512   -960  6767
6069  699   -1175  6736
6049  898   -1398  6696
6022  1103  -1622  6650
5985  1302  -1839  6598
5940  1490  -2050  6537
5884  1678  -2263  6462
5822  1871  -2474  6379
5756  2062  -2678  6296
5686  2245  -2878  6211
5611  2425  -3078  6117
5530  2607  -3278  6012
5445  2788  -3474  5903
5355  2964  -3664  5791
5257  3134  -3850  5671
5148  3305  -4037  5540
5035  3476  -4222  5403
4918  3642  -4399  5265
4799  3798  -4565  5121
4675  3946  -4721  4970
4545  4089  -4874  4813
4410  4231  -5030  4651
4268  4375  -5186  4487
4121  4515  -5332  4319
3972  4646  -5465  4145
3819  4766  -5589  3963
3659  4883  -5715  3774
3492  5001  -5840  3582
3325  5116  -5956  3392
3162  5222  -6059  3205
3000  5319  -6157  3014
2830  5412  -6254  2813
2648  5503  -6349  2604
2461  5590  -6435  2394
2277  5672  -6512  2186
2094  5747  -6580  1976
1906  5813  -6638  1758
1710  5867  -6689  1536
1517  5914  -6733  1321
1331  5957  -6770  1114
1145  5994  -6799  901 
948   6026  -6824  674 
742   6056  -6851  438 
535   6084  -6869  209 
334   6101  -6867  -9  
137   6099  -6848  -226
-62   6088  -6829  -449
-262  6085  -6818  -675
-460  6086  -6805  -898
-655  6077  -6776  -1117
-853  6051  -6734  -1337
-1053  6016  -6686  -1555
-1249  5980  -6633  -1768
-1441  5937  -6568  -1982
-1636  5881  -6493  -2203
-1837  5818  -6415  -2426
-2037  5757  -6337  -2638
-2224  5697  -6255  -2834
-2401  5628  -6163  -3023
-2574  5546  -6058  -3217
-2747  5452  -5942  -3413
-2921  5352  -5821  -3605
-3094  5249  -5697  -3791
-3265  5145  -5571  -3973
-3431  5039  -5438  -4152
-3593  4928  -5300  -4329
-3754  4810  -5160  -4502
-3912  4688  -5020  -4666
-4062  4565  -4875  -4820
-4203  4437  -4719  -4971
-4343  4301  -4553  -5125
-4486  4158  -4382  -5278
-4624  4009  -4205  -5420
-4751  3852  -4020  -5552
-4871  3688  -3828  -5679
-4990  3520  -3635  -5802
-5106  3355  -3446  -5918
-5215  3194  -3257  -6022
-5314  3030  -3064  -6119
-5404  2861  -2866  -6209
-5489  2685  -2666  -6295
-5571  2507  -2464  -6378
-5652  2327  -2256  -6459
-5729  2141  -2040  -6530
-5797  1946  -1816  -6593
-5859  1749  -1592  -6649
-5915  1556  -1376  -6704
-5965  1370  -1167  -6750
-6005  1185  -952  -6784
-6036  990   -727  -6807
-6064  786   -496  -6826
-6091  582   -270  -6842
-6113  386   -52   -6850
-6123  193   165   -6845
-6122  -2    384   -6832
-6114  -199  604   -6815
-6103  -396  826   -6793
-6087  -595  1054  -6762
-6066  -798  1281  -6723
-6037  -998  1501  -6677
-6002  -1190  1711  -6625
-5959  -1378  1922  -6566
-5911  -1571  2139  -6500
-5854  -1768  2355  -6422
-5790  -1962  2564  -6337
-5720  -2148  2769  -6248
-5647  -2332  2974  -6157
-5567  -2517  3177  -6055
-5477  -2696  3369  -5944
-5383  -2866  3555  -5832
-5294  -3036  3746  -5725
-5203  -3216  3947  -5610
-5098  -3398  4140  -5479
-4981  -3563  4307  -5339
-4865  -3701  4451  -5200
-4749  -3830  4596  -5055
-4621  -3971  4759  -4895
-4474  -4131  4938  -4723
-4322  -4300  5116  -4555
-4179  -4462  5281  -4392
-4037  -4610  5428  -4222
-3890  -4740  5557  -4044
-3737  -4855  5674  -3863
-3577  -4963  5788  -3678
-3410  -5070  5905  -3484
-3236  -5179  6023  -3287
-3065  -5286  6133  -3091
-2896  -5386  6230  -2893
-2719  -5476  6315  -2687
-2531  -5558  6395  -2474
-2342  -5634  6471  -2263
-2155  -5706  6541  -2050
-1966  -5771  6606  -1830
-1774  -5834  6666  -1609
-1583  -5893  6719  -1396
-1396  -5944  6761  -1187
-1206  -5983  6791  -970
-1007  -6015  6816  -740
-802  -6046  6840  -508
-597  -6075  6858  -282
-398  -6095  6867  -62 
-203  -6104  6866  160 
-5    -6104  6855  387 
201   -6098  6832  617 
410   -6085  6801  843 
615   -6068  6770  1065
812   -6050  6738  1285
1007  -6026  6697  1504
1203  -5987  6638  1720
1398  -5934  6571  1931
1585  -5881  6507  2137
1771  -5833  6443  2349
1966  -5781  6366  2571
2169  -5713  6272  2791
2364  -5628  6165  2995
2542  -5536  6055  3183
2712  -5447  5951  3371
2886  -5364  5850  3570
3069  -5281  5742  3771
3247  -5188  5617  3960
3415  -5078  5476  4137
3578  -4958  5334  4312
3739  -4840  5197  4482
3894  -4723  5056  4645
4044  -4595  4899  4803
4190  -4453  4727  4961
4335  -4302  4552  5115
4474  -4154  4380  5261
4608  -4008  4209  5402
4741  -3859  4034  5544
4872  -3702  3852  5678
4994  -3538  3664  5796
5102  -3373  3472  5900
5202  -3209  3277  6003
5300  -3041  3076  6108
5396  -2866  2868  6211
5490  -2685  2657  6307
5580  -2501  2452  6393
5662  -2319  2250  6467
5728  -2136  2044  6529
5785  -1952  1830  6585
5841  -1764  1610  6641
5899  -1571  1388  6694
5952  -1374  1165  6737
5996  -1176  942   6773
6037  -979  718   6807
6073  -778  489   6832
6095  -573  256   6842
6104  -367  27    6843
6112  -169  -192  6842
6124  22    -409  6837
6126  218   -633  6817
6110  421   -863  6785
6085  625   -1091  6756
6064  823   -1309  6728
6042  1017  -1524  6688
6007  1211  -1740  6627
5958  1408  -1959  6558
5904  1604  -2178  6490
5849  1800  -2392  6419
5786  1993  -2602  6337
5714  2181  -2808  6245
5639  2363  -3010  6152
5562  2542  -3211  6055
5478  2722  -3410  5945
5380  2905  -3609  5821
5276  3087  -3803  5692
5170  3259  -3987  5564
5065  3423  -4163  5435
4952  3582  -4335  5300
4829  3741  -4507  5153
4698  3901  -4679  5000
4568  4056  -4846  4847
4440  4203  -5002  4693
4307  4344  -5148  4533
4161  4480  -5290  4360
4003  4615  -5435  4176
3842  4747  -5577  3988
3681  4874  -5708  3803
3522  4993  -5827  3619
3362  5108  -5942  3428
3194  5217  -6055  3224
3013  5318  -6160  3010
2823  5409  -6250  2796
2635  5492  -6334  2594
2458  5574  -6416  2400
2286  5654  -6495  2201
2107  5729  -6568  1992
1919  5797  -6631  1775
1726  5859  -6685  1558
1534  5914  -6731  1338
1340  5961  -6772  1115
1145  6001  -6809  891 
948   6034  -6838  671 
751   6061  -6859  450 
550   6087  -6874  223 
345   6109  -6881  -9  
138   6121  -6876  -235
-64   6117  -6858  -454
-262  6104  -6834  -673
-461  6091  -6809  -898
-662  6076  -6775  -1124
-860  6049  -6727  -1342
-1054  6009  -6672  -1553
-1245  5968  -6622  -1762
-1436  5931  -6573  -1974
-1626  5893  -6513  -2190
-1818  5840  -6433  -2405
-2011  5772  -6344  -2615
-2198  5698  -6252  -2815
-2376  5622  -6159  -3010
-2554  5540  -6059  -3210
-2738  5453  -5947  -3414
-2924  5358  -5826  -3609
-3098  5258  -5702  -3789
-3261  5155  -5579  -3962
-3424  5048  -5453  -4143
-3593  4937  -5316  -4325
-3755  4819  -5168  -4496
-3904  4692  -5014  -4652
-4045  4562  -4862  -4805
-4188  4431  -4709  -4960
-4332  4296  -4545  -5112
-4470  4151  -4371  -5254
-4602  4000  -4195  -5392
-4732  3848  -4023  -5529
-4858  3698  -3850  -5661
-4979  3544  -3665  -5784
-5095  3380  -3470  -5901
-5208  3210  -3274  -6016
-5316  3043  -3084  -6126
-5413  2878  -2895  -6221
-5494  2708  -2696  -6300
-5568  2525  -2478  -6374
-5643  2328  -2245  -6450
-5720  2124  -2015  -6525
-5790  1929  -1802  -6588
-5848  1747  -1604  -6637
-5898  1571  -1401  -6684
-5951  1387  -1182  -6736
-6005  1191  -952  -6785
-6049  991   -726  -6815
-6074  795   -507  -6826
-6084  600   -289  -6830
-6094  403   -66   -6837
-6111  201   161   -6844
-6127  -2    391   -6843
-6128  -204  619   -6825
-6113  -403  840   -6797
-6090  -594  1052  -6766
-6066  -782  1264  -6730
-6041  -977  1484  -6685
-6006  -1180  1709  -6626
-5957  -1382  1928  -6559
-5903  -1574  2137  -6493
-5850  -1760  2346  -6429
-5798  -1950  2560  -6356
-5736  -2145  2773  -6265
-5657  -2334  2976  -6160
-5569  -2513  3170  -6058
-5486  -2685  3361  -5963
-5408  -2860  3553  -5862
-5319  -3037  3744  -5740
-5209  -3210  3930  -5601
-5088  -3376  4109  -5462
-4970  -3536  4283  -5329
-4856  -3694  4453  -5194
-4737  -3852  4622  -5049
-4611  -4006  4787  -4899
-4480  -4153  4945  -4745
-4346  -4293  5094  -4587
-4206  -4428  5240  -4419
-4061  -4564  5386  -4246
-3915  -4699  5527  -4073
-3765  -4829  5659  -3898
-3609  -4947  5778  -3714
-3443  -5053  5887  -3520
-3268  -5153  5990  -3315
-3087  -5252  6091  -3106
-2907  -5352  6191  -2903
-2732  -5446  6286  -2709
-2560  -5531  6372  -2515
-2383  -5611  6453  -2312
-2199  -5692  6532  -2098
-2011  -5767  6601  -1884
-1825  -5825  6652  -1672
-1638  -5869  6690  -1458
-1448  -5911  6731  -1240
-1254  -5961  6778  -1022
-1060  -6009  6817  -804
-862  -6042  6837  -581
-659  -6060  6844  -353
-456  -6072  6850  -128
-260  -6084  6855  89  
-72   -6093  6852  300 
115   -6095  6838  514 
311   -6088  6815  736 
515   -6073  6783  961 
720   -6052  6747  1184
921   -6027  6711  1402
1116  -6003  6674  1616
1306  -5973  6626  1829
1495  -5930  6561  2042
1683  -5873  6483  2252
1871  -5809  6402  2456
2060  -5742  6318  2661
2248  -5673  6226  2868
2432  -5599  6128  3070
2608  -5519  6024  3261
2778  -5432  5915  3445
2950  -5336  5798  3633
3128  -5235  5677  3829
3305  -5133  5554  4018
3471  -5028  5426  4192
3627  -4913  5286  4353
3778  -4789  5135  4515
3930  -4659  4980  4682
4082  -4528  4827  4847
4227  -4399  4679  5000
4366  -4271  4528  5147
4504  -4139  4364  5295
4644  -3991  4181  5445
4779  -3828  3988  5585
4902  -3661  3799  5705
5013  -3502  3618  5811
5117  -3343  3432  5916
5218  -3174  3233  6025
5318  -2996  3026  6129
5413  -2821  2825  6223
5500  -2652  2631  6310
5584  -2481  2432  6396
5668  -2297  2221  6482
5749  -2105  2003  6559
5819  -1916  1787  6623
5879  -1733  1576  6677
5931  -1550  1366  6723
5975  -1360  1150  6757
6008  -1163  927   6779
6033  -962  702   6796
6059  -764  478   6816
6087  -569  253   6834
6108  -373  27    6840
6116  -171  -200  6835
6116  31    -421  6826
6114  225   -635  6818
6110  414   -853  6804
6098  612   -1078  6775
6075  819   -1306  6732
6042  1022  -1524  6679
6002  1214  -1733  6620
5954  1402  -1942  6554
5899  1593  -2158  6484
5841  1786  -2372  6414
5785  1974  -2582  6344
5729  2160  -2789  6266
5662  2347  -2996  6173
5579  2533  -3200  6063
5484  2715  -3399  5949
5387  2893  -3590  5835
5291  3065  -3772  5717
5190  3227  -3946  5591
5081  3384  -4122  5459
4966  3546  -4302  5322
4845  3713  -4476  5175
4715  3870  -4637  5016
4579  4012  -4788  4856
4445  4150  -4943  4705
4318  4297  -5105  4559
4189  4445  -5260  4402
4049  4583  -5401  4231
3896  4712  -5535  4049
3736  4837  -5666  3864
3575  4960  -5791  3676
3413  5073  -5909  3484
3246  5181  -6024  3290
3073  5289  -6137  3094
2897  5392  -6240  2896
2719  5483  -6328  2692
2540  5562  -6400  2482
2358  5632  -6463  2272
2173  5698  -6525  2065
1987  5763  -6590  1855
1797  5828  -6656  1636
1601  5889  -6710  1413
1404  5936  -6747  1194
1212  5970  -6778  985 
1028  6005  -6816  777 
844   6047  -6854  564 
653   6084  -6873  342 
451   6101  -6868  113 
243   6101  -6854  -121
35    6098  -6843  -351
-166  6096  -6833  -570
-358  6088  -6811  -779
-546  6069  -6776  -988
-738  6045  -6739  -1206
-938  6024  -6705  -1433
-1142  6001  -6668  -1658
-1341  5971  -6623  -1874
-1529  5929  -6563  -2079
-1712  5874  -6484  -2284
-1899  5805  -6391  -2493
-2090  5729  -6297  -2701
-2277  5655  -6208  -2901
-2456  5582  -6117  -3098
-2635  5501  -6014  -3294
-2815  5414  -5901  -3487
-2987  5325  -5789  -3669
-3148  5236  -5673  -3843
-3308  5134  -5545  -4022
-3478  5016  -5403  -4210
-3652  4891  -5257  -4392
-3815  4769  -5114  -4558
-3961  4649  -4969  -4712
-4103  4521  -4813  -4867
-4252  4382  -4645  -5029
-4404  4237  -4475  -5189
-4546  4092  -4309  -5336
-4672  3947  -4140  -5467
-4790  3794  -3955  -5589
-4907  3628  -3756  -5709
-5025  3459  -3560  -5831
-5141  3296  -3379  -5956
-5253  3138  -3200  -6075
-5358  2974  -3006  -6175
-5449  2798  -2800  -6256
-5528  2621  -2597  -6329
-5603  2447  -2400  -6407
-5682  2271  -2195  -6489
-5760  2084  -1974  -6562
-5826  1887  -1747  -6619
-5876  1692  -1527  -6660
-5917  1503  -1315  -6696
-5961  1315  -1100  -6739
-6010  1121  -874  -6786
-6055  919   -642  -6823
-6083  715   -414  -6839
-6095  514   -192  -6837
-6101  315   29    -6829
-6104  115   254   -6821
-6106  -87   481   -6813
-6107  -288  705   -6803
-6104  -485  925   -6789
-6091  -679  1142  -6762
-6063  -871  1360  -6717
-6023  -1066  1579  -6659
-5983  -1264  1798  -6601
-5946  -1461  2013  -6547
-5901  -1654  2225  -6481
-5838  -1843  2435  -6395
-5761  -2031  2643  -6303
-5691  -2217  2846  -6225
-5638  -2397  3042  -6155
-5580  -2570  3230  -6066
-5491  -2739  3417  -5942
-5370  -2910  3610  -5796
-5240  -3089  3811  -5652
-5122  -3277  4016  -5518
-5019  -3462  4210  -5395
-4922  -3629  4380  -5276
-4822  -3775  4533  -5153
-4709  -3913  4684  -5012
-4578  -4058  4845  -4850
-4429  -4210  5012  -4673
-4274  -4361  5172  -4494
-4123  -4503  5320  -4319
-3978  -4638  5459  -4149
-3833  -4767  5593  -3979
-3682  -4888  5723  -3803
-3522  -5003  5847  -3616
-3353  -5114  5960  -3418
-3177  -5219  6062  -3213
-2996  -5316  6156  -3009
-2816  -5405  6248  -2809
-2638  -5491  6340  -2606
-2456  -5578  6427  -2393
-2269  -5662  6504  -2176
-2082  -5737  6572  -1963
-1898  -5804  6633  -1755
-1713  -5864  6689  -1542
-1518  -5917  6738  -1317
-1314  -5963  6778  -1084
-1110  -6002  6806  -858
-915  -6033  6827  -645
-727  -6057  6842  -436
-536  -6076  6854  -216
-334  -6090  6862  17  
-125  -6102  6864  254 
82    -6109  6856  484 
284   -6107  6834  706 
482   -6090  6796  925 
682   -6059  6748  1145
884   -6023  6704  1366
1084  -5995  6670  1587
1281  -5971  6632  1809
1480  -5937  6570  2033
1683  -5880  6484  2257
1884  -5807  6393  2474
2075  -5735  6309  2680
2258  -5670  6229  2878
2438  -5601  6136  3076
2621  -5518  6024  3278
2806  -5421  5902  3480
2985  -5319  5779  3672
3155  -5218  5661  3852
3320  -5118  5540  4031
3489  -5012  5406  4216
3661  -4892  5254  4402
3828  -4758  5091  4578
3982  -4619  4933  4737
4123  -4489  4787  4887
4262  -4367  4641  5037
4405  -4235  4476  5192
4549  -4084  4292  5344
4686  -3921  4102  5485
4814  -3760  3919  5617
4937  -3608  3743  5743
5056  -3458  3564  5867
5168  -3300  3376  5982
5272  -3128  3174  6088
5370  -2943  2960  6188
5464  -2752  2743  6281
5552  -2566  2531  6365
5633  -2385  2323  6442
5710  -2204  2111  6515
5784  -2016  1892  6584
5847  -1819  1666  6641
5899  -1618  1437  6688
5946  -1415  1207  6732
5995  -1214  983   6777
6041  -1019  762   6812
6075  -824  538   6832
6094  -622  305   6840
6107  -415  72    6844
6117  -209  -153  6845
6124  -8    -375  6840
6126  191   -598  6827
6118  389   -822  6803
6101  585   -1040  6769
6077  776   -1257  6729
6045  972   -1480  6684
6005  1178  -1710  6631
5955  1390  -1938  6561
5898  1593  -2156  6483
5841  1783  -2364  6406
5786  1963  -2569  6333
5723  2147  -2781  6252
5648  2341  -2997  6159
5569  2537  -3210  6062
5490  2725  -3408  5960
5402  2899  -3591  5844
5296  3065  -3770  5713
5181  3231  -3955  5581
5072  3401  -4146  5458
4972  3572  -4333  5332
4861  3736  -4508  5188
4729  3892  -4670  5025
4585  4041  -4828  4859
4444  4189  -4988  4698
4306  4337  -5146  4536
4166  4481  -5296  4365
4017  4613  -5431  4185
3858  4734  -5555  4000
3693  4850  -5680  3816
3531  4971  -5809  3636
3373  5092  -5936  3454
3211  5203  -6049  3259
3034  5303  -6149  3048
2846  5397  -6244  2830
2662  5489  -6335  2626
2489  5575  -6419  2432
2317  5652  -6492  2232
2130  5723  -6559  2012
1930  5791  -6621  1782
1729  5850  -6676  1557
1536  5899  -6720  1342
1348  5943  -6760  1128
1157  5989  -6799  908 
956   6034  -6833  679 
748   6067  -6855  447 
542   6085  -6862  221 
346   6094  -6862  5   
158   6102  -6859  -206
-33   6107  -6851  -421
-233  6105  -6834  -646
-438  6094  -6809  -874
-641  6075  -6779  -1101
-840  6052  -6742  -1322
-1037  6020  -6693  -1540
-1235  5977  -6632  -1758
-1433  5925  -6563  -1978
-1633  5872  -6491  -2199
-1832  5817  -6416  -2416
-2025  5756  -6333  -2624
-2213  5684  -6238  -2831
-2401  5604  -6138  -3040
-2591  5522  -6038  -3246
-2773  5439  -5937  -3437
-2940  5354  -5830  -3615
-3103  5263  -5712  -3794
-3274  5164  -5584  -3983
-3449  5054  -5448  -4172
-3616  4933  -5305  -4349
-3773  4806  -5155  -4518
-3929  4677  -5001  -4687
-4084  4547  -4844  -4847
-4224  4412  -4682  -4988
-4350  4270  -4514  -5121
-4479  4122  -4341  -5266
-4622  3972  -4167  -5421
-4762  3822  -3992  -5565
-4885  3669  -3808  -5685
-4994  3506  -3613  -5794
-5103  3332  -3411  -5907
-5213  3154  -3213  -6022
-5321  2980  -3019  -6133
-5422  2810  -2823  -6236
-5518  2637  -2615  -6328
-5604  2457  -2400  -6408
-5678  2270  -2186  -6479
-5748  2081  -1976  -6549
-5818  1894  -1766  -6618
-5885  1707  -1548  -6680
-5943  1513  -1320  -6729
-5991  1310  -1087  -6768
-6030  1107  -861  -6796
-6060  913   -648  -6817
-6085  728   -440  -6835
-6107  539   -222  -6849
-6120  335   12    -6849
-6117  121   250   -6831
-6107  -88   481   -6810
-6100  -286  703   -6796
-6096  -482  926   -6781
-6083  -682  1153  -6750
-6055  -885  1380  -6703
-6021  -1084  1598  -6653
-5987  -1277  1808  -6603
-5949  -1467  2017  -6546
-5901  -1657  2233  -6478
-5843  -1850  2452  -6399
-5776  -2042  2663  -6311
-5699  -2228  2863  -6216
-5618  -2408  3056  -6120
-5539  -2585  3246  -6026
-5462  -2762  3440  -5926
-5372  -2941  3638  -5810
-5265  -3119  3832  -5675
-5148  -3290  4016  -5535
-5034  -3454  4193  -5401
-4926  -3615  4370  -5274
-4816  -3776  4548  -5143
-4698  -3935  4718  -5000
-4567  -4087  4880  -4842
-4428  -4234  5036  -4674
-4285  -4379  5188  -4504
-4138  -4515  5329  -4331
-3985  -4640  5456  -4152
-3825  -4758  5581  -3963
-3660  -4880  5712  -3774
-3498  -5005  5842  -3594
-3343  -5123  5961  -3417
-3187  -5226  6064  -3230
-3017  -5320  6163  -3025
-2833  -5413  6259  -2813
-2647  -5505  6348  -2602
-2463  -5588  6427  -2395
-2280  -5662  6499  -2186
-2095  -5728  6565  -1977
-1909  -5792  6627  -1770
-1723  -5855  6684  -1559
-1533  -5913  6736  -1338
-1335  -5962  6777  -1109
-1135  -6000  6810  -884
-941  -6032  6838  -668
-749  -6063  6863  -453
-553  -6092  6877  -231
-349  -6108  6875  -1  
-142  -6110  6860  232 
64    -6102  6840  463 
269   -6091  6819  687 
468   -6080  6795  903 
659   -6064  6765  1116
849   -6041  6728  1330
1044  -6013  6686  1547
1242  -5979  6636  1765
1439  -5937  6573  1980
1631  -5884  6497  2191
1819  -5820  6414  2397
2004  -5751  6328  2599
2189  -5681  6241  2800
2375  -5612  6150  3004
2562  -5539  6051  3208
2746  -5455  5944  3407
2925  -5361  5829  3599
3099  -5260  5708  3787
3268  -5156  5585  3970
3430  -5051  5457  4150
3592  -4942  5323  4327
3755  -4825  5178  4500
3916  -4699  5024  4667
4069  -4566  4864  4826
4212  -4428  4701  4979
4352  -4285  4534  5130
4492  -4136  4359  5275
4625  -3982  4177  5416
4752  -3826  3994  5550
4874  -3672  3814  5680
4995  -3520  3636  5804
5112  -3362  3453  5923
5225  -3194  3256  6038
5331  -3016  3047  6145
5428  -2836  2836  6241
5516  -2656  2628  6327
5599  -2477  2424  6410
5679  -2297  2220  6489
5752  -2114  2010  6559
5816  -1926  1791  6616
5872  -1730  1564  6665
5925  -1531  1340  6711
5972  -1335  1123  6749
6010  -1142  906   6778
6040  -948  686   6802
6067  -753  465   6823
6091  -560  244   6837
6106  -365  17    6841
6111  -160  -218  6835
6112  49    -450  6824
6109  253   -671  6805
6097  449   -888  6778
6077  646   -1110  6747
6057  846   -1336  6715
6037  1046  -1557  6676
6008  1240  -1770  6623
5962  1431  -1981  6557
5904  1622  -2195  6484
5843  1815  -2409  6406
5778  2005  -2614  6323
5710  2186  -2811  6236
5638  2364  -3011  6146
5561  2550  -3222  6047
5471  2743  -3434  5934
5369  2931  -3630  5811
5263  3098  -3804  5686
5163  3250  -3969  5564
5063  3404  -4143  5438
4954  3571  -4325  5302
4833  3738  -4501  5157
4705  3892  -4666  5006
4573  4035  -4823  4849
4439  4179  -4981  4690
4303  4329  -5139  4531
4164  4478  -5291  4368
4019  4618  -5435  4193
3863  4748  -5574  4008
3701  4873  -5706  3820
3537  4990  -5828  3634
3372  5099  -5938  3446
3203  5203  -6040  3246
3027  5300  -6136  3042
2850  5391  -6229  2840
2676  5479  -6322  2642
2501  5569  -6415  2441
2320  5658  -6498  2230
2129  5732  -6562  2013
1935  5788  -6611  1796
1744  5836  -6658  1580
1553  5891  -6710  1359
1356  5948  -6759  1130
1154  5994  -6798  903 
955   6025  -6825  685 
763   6050  -6848  475 
572   6077  -6864  258 
374   6100  -6869  28  
167   6109  -6862  -209
-43   6105  -6848  -440
-248  6096  -6831  -661
-446  6087  -6811  -877
-639  6074  -6781  -1098
-837  6052  -6740  -1325
-1040  6021  -6689  -1550
-1242  5983  -6634  -1767
-1435  5942  -6577  -1977
-1622  5896  -6516  -2188
-1812  5841  -6439  -2402
-2005  5772  -6345  -2611
-2195  5693  -6242  -2809
-2374  5610  -6142  -3001
-2551  5527  -6041  -3199
-2733  5439  -5933  -3403
-2918  5346  -5818  -3603
-3098  5250  -5700  -3792
-3271  5152  -5578  -3978
-3444  5047  -5446  -4167
-3618  4931  -5305  -4352
-3784  4808  -5160  -4524
-3934  4682  -5011  -4683
-4077  4551  -4852  -4841
-4225  4412  -4680  -5002
-4373  4266  -4505  -5156
-4510  4118  -4335  -5294
-4634  3969  -4163  -5425
-4761  3817  -3982  -5563
-4896  3657  -3787  -5704
-5028  3489  -3587  -5833
-5142  3313  -3388  -5943
-5240  3138  -3195  -6042
-5334  2969  -3003  -6141
-5432  2801  -2804  -6240
-5528  2625  -2596  -6335
-5615  2439  -2385  -6420
-5692  2252  -2175  -6497
-5764  2070  -1965  -6568
-5832  1889  -1750  -6632
-5892  1697  -1527  -6685
-5942  1496  -1303  -6727
-5987  1294  -1078  -6765
-6030  1097  -854  -6802
-6068  904   -632  -6834
-6096  710   -409  -6854
-6113  509   -182  -6861
-6121  302   49    -6856
-6120  94    278   -6838
-6109  -105  500   -6810
-6094  -298  719   -6782
-6082  -494  940   -6761
-6072  -694  1161  -6738
-6052  -892  1381  -6701
-6019  -1087  1606  -6654
-5982  -1292  1842  -6607
-5951  -1506  2075  -6560
-5915  -1709  2283  -6497
-5859  -1886  2469  -6409
-5776  -2050  2660  -6299
-5677  -2228  2872  -6183
-5576  -2427  3097  -6070
-5484  -2633  3316  -5963
-5401  -2831  3520  -5861
-5321  -3011  3707  -5758
-5235  -3173  3882  -5647
-5136  -3326  4055  -5525
-5026  -3487  4235  -5391
-4906  -3657  4418  -5245
-4775  -3824  4589  -5087
-4638  -3976  4749  -4925
-4501  -4121  4912  -4765
-4364  -4273  5082  -4606
-4224  -4431  5245  -4437
-4074  -4577  5390  -4256
-3917  -4703  5520  -4069
-3753  -4820  5646  -3880
-3584  -4939  5773  -3688
-3413  -5058  5897  -3493
-3244  -5167  6010  -3298
-3078  -5266  6113  -3103
-2907  -5362  6211  -2903
-2724  -5461  6306  -2691
-2532  -5552  6394  -2470
-2337  -5630  6470  -2249
-2145  -5699  6540  -2033
-1955  -5769  6607  -1816
-1761  -5842  6672  -1593
-1560  -5905  6726  -1366
-1356  -5953  6768  -1138
-1154  -5990  6801  -911
-954  -6025  6827  -686
-754  -6055  6844  -459
-550  -6077  6853  -226
-342  -6088  6855  9   
-131  -6094  6851  241 
73    -6097  6844  463 
271   -6098  6832  683 
471   -6092  6809  913 
681   -6071  6767  1152
895   -6034  6710  1387
1103  -5990  6653  1611
1302  -5951  6602  1830
1500  -5916  6549  2053
1698  -5872  6481  2275
1893  -5811  6397  2487
2084  -5739  6309  2692
2276  -5666  6219  2899
2470  -5591  6121  3108
2657  -5510  6011  3312
2837  -5417  5893  3513
3017  -5318  5771  3713
3199  -5214  5644  3909
3379  -5103  5507  4097
3551  -4981  5357  4277
3713  -4848  5199  4451
3870  -4710  5037  4620
4025  -4571  4874  4785
4178  -4432  4716  4947
4329  -4296  4562  5104
4473  -4163  4405  5255
4608  -4024  4229  5399
4738  -3869  4035  5537
4864  -3700  3837  5668
4985  -3530  3647  5792
5102  -3365  3459  5916
5219  -3198  3259  6038
5332  -3022  3048  6147
5429  -2837  2834  6234
5507  -2653  2625  6311
5583  -2470  2415  6397
5671  -2283  2195  6492
5760  -2084  1963  6576
5833  -1878  1732  6634
5885  -1678  1510  6676
5931  -1487  1296  6718
5982  -1296  1077  6763
6028  -1098  849   6800
6060  -896  617   6824
6082  -696  389   6837
6099  -494  159   6844
6110  -286  -77   6842
6114  -73   -313  6832
6114  133   -541  6817
6110  332   -762  6798
6097  532   -986  6770
6072  741   -1217  6729
6038  950   -1443  6682
6005  1145  -1659  6635
5973  1331  -1872  6586
5933  1523  -2092  6524
5878  1727  -2315  6445
5809  1929  -2529  6353
5734  2120  -2738  6263
5661  2305  -2951  6175
5586  2493  -3165  6078
5499  2685  -3372  5965
5397  2871  -3567  5843
5292  3048  -3755  5725
5194  3217  -3939  5610
5095  3382  -4119  5481
4983  3545  -4298  5335
4856  3710  -4480  5182
4726  3876  -4658  5032
4597  4037  -4826  4880
4462  4187  -4982  4716
4316  4328  -5133  4541
4167  4467  -5283  4369
4020  4607  -5431  4197
3867  4743  -5568  4014
3701  4868  -5693  3817
3527  4979  -5808  3620
3358  5083  -5920  3429
3193  5191  -6037  3237
3021  5306  -6154  3036
2841  5415  -6259  2828
2659  5509  -6349  2620
2479  5589  -6429  2414
2297  5666  -6508  2203
2108  5744  -6581  1985
1913  5812  -6640  1764
1714  5866  -6686  1540
1513  5912  -6730  1313
1311  5957  -6774  1084
1107  6001  -6808  853 
903   6037  -6831  624 
698   6065  -6850  395 
495   6088  -6867  166 
294   6103  -6874  -63 
93    6109  -6869  -289
-110  6110  -6856  -511
-314  6108  -6840  -734
-521  6097  -6811  -965
-730  6070  -6764  -1202
-939  6034  -6711  -1438
-1145  5998  -6658  -1664
-1345  5960  -6603  -1882
-1541  5914  -6538  -2095
-1733  5855  -6462  -2306
-1922  5790  -6378  -2513
-2109  5721  -6289  -2719
-2299  5648  -6192  -2931
-2495  5565  -6087  -3144
-2687  5477  -5979  -3346
-2867  5388  -5869  -3536
-3038  5300  -5756  -3722
-3208  5204  -5632  -3912
-3379  5093  -5495  -4100
-3549  4968  -5348  -4281
-3715  4839  -5198  -4456
-3878  4713  -5047  -4628
-4035  4583  -4887  -4795
-4185  4440  -4717  -4958
-4336  4288  -4543  -5121
-4489  4143  -4378  -5279
-4630  4011  -4222  -5418
-4747  3881  -4059  -5535
-4851  3732  -3873  -5645
-4963  3560  -3666  -5765
-5084  3377  -3457  -5890
-5203  3195  -3251  -6011
-5310  3014  -3043  -6121
-5409  2832  -2828  -6224
-5503  2645  -2611  -6318
-5595  2460  -2400  -6404
-5682  2274  -2191  -6487
-5763  2084  -1974  -6567
-5834  1890  -1748  -6633
-5890  1694  -1521  -6682
-5937  1497  -1300  -6719
-5978  1302  -1086  -6751
-6014  1111  -874  -6778
-6042  922   -657  -6802
-6067  727   -429  -6824
-6093  520   -192  -6842
-6115  307   46    -6846
-6122  99    276   -6835
-6114  -101  499   -6815
-6101  -299  721   -6796
-6089  -501  946   -6772
-6071  -703  1170  -6738
-6047  -900  1391  -6695
-6015  -1094  1607  -6648
-5979  -1289  1825  -6595
-5933  -1488  2048  -6533
-5878  -1689  2271  -6457
-5816  -1887  2486  -6373
-5751  -2077  2690  -6288
-5684  -2259  2888  -6204
-5611  -2438  3087  -6115
-5530  -2617  3288  -6012
-5441  -2799  3490  -5895
-5344  -2983  3690  -5772
-5243  -3163  3884  -5647
-5134  -3337  4068  -5518
-5016  -3499  4240  -5377
-4889  -3655  4409  -5228
-4762  -3810  4581  -5078
-4637  -3968  4756  -4927
-4506  -4124  4922  -4765
-4362  -4276  5078  -4593
-4209  -4422  5230  -4416
-4055  -4563  5382  -4240
-3904  -4697  5528  -4061
-3750  -4825  5662  -3873
-3586  -4948  5784  -3679
-3413  -5067  5899  -3484
-3240  -5174  6007  -3291
-3071  -5270  6111  -3097
-2902  -5362  6212  -2898
-2725  -5458  6308  -2692
-2538  -5552  6393  -2480
-2346  -5633  6466  -2268
-2157  -5703  6535  -2056
-1970  -5771  6606  -1843
-1784  -5840  6673  -1627
-1593  -5903  6725  -1404
-1391  -5951  6761  -1174
-1182  -5986  6791  -941
-972  -6019  6823  -708
-767  -6053  6852  -476
-566  -6082  6866  -245
-362  -6097  6863  -13 
-153  -6101  6854  220 
58    -6101  6847  454 
266   -6101  6835  683 
467   -6093  6805  905 
663   -6068  6755  1123
861   -6031  6704  1345
1063  -5996  6664  1572
1266  -5966  6625  1796
1464  -5929  6569  2014
1658  -5874  6489  2228
1855  -5809  6400  2444
2054  -5742  6314  2659
2246  -5675  6228  2868
2431  -5602  6137  3071
2615  -5525  6039  3272
2803  -5442  5931  3471
2990  -5347  5807  3669
3169  -5236  5669  3860
3337  -5117  5530  4045
3501  -5003  5398  4225
3666  -4893  5264  4404
3831  -4773  5113  4580
3990  -4638  4946  4746
4137  -4493  4773  4900
4276  -4346  4606  5049
4415  -4203  4443  5199
4557  -4061  4277  5351
4699  -3915  4100  5498
4834  -3757  3907  5639
4962  -3585  3704  5768
5080  -3406  3502  5886
5186  -3234  3304  5990
5284  -3067  3107  6090
5383  -2899  2909  6194
5487  -2725  2710  6300
5586  -2543  2503  6393
5664  -2354  2283  6462
5724  -2158  2054  6520
5780  -1960  1826  6580
5844  -1763  1608  6646
5912  -1569  1391  6708
5973  -1375  1166  6759
6021  -1177  935   6794
6053  -978  708   6813
6070  -780  488   6820
6082  -585  270   6828
6099  -385  42    6841
6118  -177  -196  6847
6126  35    -433  6834
6116  242   -661  6809
6099  441   -884  6784
6083  643   -1113  6755
6061  853   -1348  6714
6027  1063  -1577  6659
5984  1263  -1794  6603
5940  1455  -2008  6545
5895  1648  -2229  6478
5839  1848  -2450  6398
5772  2044  -2661  6311
5695  2231  -2858  6218
5615  2410  -3052  6121
5535  2592  -3257  6018
5451  2780  -3468  5910
5359  2967  -3674  5789
5253  3148  -3867  5655
5137  3321  -4051  5516
5019  3487  -4228  5381
4902  3646  -4401  5245
4782  3799  -4571  5101
4657  3953  -4741  4949
4530  4110  -4907  4796
4397  4263  -5064  4640
4254  4406  -5214  4470
4096  4544  -5364  4282
3930  4681  -5512  4085
3763  4814  -5647  3888
3597  4935  -5766  3696
3431  5044  -5879  3505
3260  5153  -5994  3310
3082  5263  -6108  3105
2895  5368  -6213  2891
2706  5465  -6309  2678
2524  5551  -6394  2475
2349  5629  -6468  2275
2169  5701  -6534  2063
1975  5770  -6601  1834
1772  5837  -6664  1602
1572  5895  -6715  1379
1381  5941  -6755  1165
1189  5982  -6792  947 
988   6023  -6828  717 
779   6058  -6852  479 
568   6078  -6858  241 
360   6089  -6857  9   
153   6098  -6855  -219
-54   6104  -6846  -448
-262  6097  -6821  -681
-470  6076  -6785  -913
-672  6050  -6746  -1135
-867  6027  -6710  -1353
-1065  6002  -6669  -1573
-1267  5969  -6620  -1798
-1468  5928  -6561  -2015
-1660  5878  -6490  -2224
-1847  5817  -6407  -2433
-2040  5747  -6315  -2649
-2239  5673  -6223  -2867
-2436  5597  -6129  -3079
-2625  5516  -6022  -3281
-2808  5423  -5900  -3479
-2986  5321  -5776  -3674
-3161  5218  -5658  -3866
-3337  5118  -5539  -4057
-3512  5010  -5403  -4246
-3684  4888  -5248  -4428
-3845  4752  -5083  -4599
-3998  4611  -4921  -4759
-4147  4472  -4762  -4918
-4299  4336  -4600  -5080
-4451  4197  -4431  -5241
-4596  4051  -4253  -5390
-4727  3895  -4067  -5521
-4844  3732  -3877  -5640
-4957  3564  -3684  -5762
-5074  3394  -3487  -5889
-5193  3220  -3286  -6010
-5302  3043  -3081  -6111
-5394  2863  -2875  -6197
-5481  2685  -2671  -6288
-5572  2509  -2470  -6389
-5665  2328  -2260  -6483
-5746  2137  -2035  -6553
-5807  1936  -1800  -6602
-5857  1734  -1568  -6647
-5907  1536  -1345  -6695
-5959  1341  -1127  -6742
-6007  1144  -906  -6781
-6044  943   -679  -6809
-6070  738   -446  -6828
-6092  532   -211  -6842
-6113  326   25    -6850
-6126  119   259   -6844
-6122  -88   490   -6822
-6105  -293  718   -6795
-6090  -495  946   -6775
-6081  -699  1176  -6753
-6063  -907  1403  -6713
-6025  -1110  1620  -6650
-5975  -1302  1833  -6583
-5926  -1495  2062  -6523
-5881  -1709  2309  -6464
-5830  -1931  2546  -6396
-5771  -2129  2742  -6317
-5708  -2288  2905  -6231
-5635  -2434  3074  -6127
-5539  -2601  3274  -5998
-5422  -2797  3497  -5855
-5300  -3000  3720  -5718
-5189  -3196  3930  -5594
-5088  -3380  4125  -5472
-4984  -3554  4304  -5342
-4869  -3715  4471  -5200
-4738  -3868  4640  -5042
-4593  -4023  4814  -4865
-4438  -4183  4987  -4682
-4286  -4338  5146  -4508
-4142  -4483  5295  -4344
-3999  -4621  5442  -4174
-3845  -4756  5585  -3986
-3676  -4886  5720  -3787
-3500  -5007  5846  -3585
-3322  -5124  5970  -3382
-3143  -5242  6091  -3173
-2958  -5357  6201  -2956
-2767  -5457  6295  -2735
-2575  -5541  6382  -2515
-2384  -5621  6469  -2298
-2193  -5704  6552  -2083
-1997  -5782  6618  -1861
-1792  -5841  6666  -1632
-1585  -5886  6710  -1398
-1382  -5933  6757  -1165
-1181  -5984  6800  -932
-971  -6027  6825  -693
-754  -6051  6833  -452
-539  -6063  6838  -218
-333  -6078  6849  10  
-128  -6096  6858  244 
84    -6109  6854  486 
299   -6107  6836  725 
508   -6093  6805  957 
713   -6069  6765  1186
921   -6037  6716  1419
1131  -5998  6658  1652
1337  -5952  6591  1881
1542  -5899  6517  2107
1750  -5840  6440  2334
1957  -5777  6362  2557
2160  -5712  6277  2778
2357  -5637  6178  2994
2552  -5549  6065  3205
2741  -5453  5946  3407
2926  -5354  5825  3607
3112  -5252  5700  3810
3299  -5146  5568  4012
3479  -5035  5430  4202
3645  -4917  5284  4379
3802  -4788  5128  4555
3964  -4649  4967  4734
4129  -4509  4801  4907
4289  -4368  4631  5067
4435  -4222  4451  5214
4570  -4064  4264  5358
4703  -3900  4076  5501
4837  -3734  3885  5639
4968  -3566  3687  5771
5090  -3393  3484  5898
5203  -3218  3279  6019
5311  -3038  3069  6131
5415  -2850  2851  6233
5512  -2656  2631  6324
5598  -2467  2416  6407
5676  -2285  2203  6484
5750  -2096  1977  6556
5819  -1893  1739  6618
5879  -1682  1505  6669
5929  -1479  1282  6714
5972  -1281  1061  6754
6014  -1079  829   6790
6053  -870  588   6816
6084  -657  345   6833
6103  -446  108   6843
6113  -238  -124  6843
6117  -31   -357  6833
6116  176   -593  6815
6109  387   -831  6790
6095  599   -1064  6763
6074  807   -1292  6730
6046  1011  -1521  6690
6010  1219  -1756  6635
5963  1429  -1988  6564
5904  1630  -2203  6481
5838  1818  -2410  6396
5769  2006  -2626  6311
5697  2208  -2856  6220
5617  2418  -3082  6118
5527  2617  -3290  6008
5434  2801  -3487  5894
5340  2979  -3687  5777
5239  3161  -3889  5648
5127  3340  -4080  5509
5009  3509  -4258  5367
4889  3670  -4433  5224
4767  3831  -4613  5075
4632  3994  -4793  4911
4485  4157  -4963  4734
4331  4312  -5118  4555
4177  4456  -5265  4377
4023  4592  -5412  4201
3868  4727  -5559  4021
3709  4862  -5699  3833
3542  4989  -5822  3634
3368  5101  -5933  3429
3192  5204  -6041  3225
3015  5305  -6148  3021
2830  5405  -6249  2808
2636  5498  -6341  2586
2439  5585  -6430  2364
2245  5670  -6519  2144
2051  5752  -6594  1918
1849  5820  -6650  1685
1643  5874  -6696  1454
1442  5923  -6744  1234
1246  5972  -6792  1014
1044  6016  -6826  782 
833   6050  -6843  539 
618   6071  -6846  295 
404   6081  -6844  56  
191   6083  -6838  -181
-24   6082  -6832  -418
-235  6082  -6821  -653
-443  6081  -6803  -884
-649  6073  -6776  -1113
-855  6055  -6739  -1339
-1058  6024  -6691  -1564
-1260  5978  -6625  -1792
-1467  5921  -6547  -2023
-1680  5859  -6465  -2254
-1889  5796  -6383  -2477
-2086  5730  -6299  -2690
-2276  5660  -6207  -2905
-2472  5583  -6105  -3127
-2674  5495  -5990  -3348
-2868  5395  -5867  -3552
-3046  5291  -5744  -3739
-3216  5190  -5626  -3919
-3387  5090  -5501  -4104
-3558  4978  -5357  -4290
-3724  4848  -5196  -4468
-3883  4710  -5033  -4637
-4039  4575  -4877  -4804
-4197  4441  -4719  -4974
-4355  4301  -4549  -5142
-4505  4152  -4368  -5299
-4642  3996  -4183  -5436
-4766  3836  -3996  -5560
-4884  3670  -3803  -5685
-5009  3500  -3603  -5820
-5135  3324  -3397  -5953
-5253  3145  -3193  -6070
-5355  2968  -2991  -6169
-5449  2793  -2790  -6260
-5543  2614  -2578  -6352
-5632  2421  -2352  -6439
-5711  2216  -2118  -6516
-5780  2011  -1886  -6579
-5839  1812  -1659  -6627
-5887  1618  -1434  -6669
-5933  1421  -1207  -6714
-5984  1216  -980  -6765
-6036  1011  -757  -6807
-6074  809   -532  -6829
-6093  610   -300  -6838
-6105  405   -61   -6843
-6116  193   179   -6842
-6122  -19   410   -6829
-6115  -223  631   -6806
-6099  -421  851   -6780
-6079  -620  1080  -6749
-6055  -826  1317  -6706
-6023  -1036  1551  -6655
-5984  -1239  1772  -6601
-5940  -1434  1986  -6543
-5892  -1628  2207  -6476
-5837  -1833  2438  -6401
-5778  -2042  2668  -6320
-5711  -2247  2887  -6230
-5628  -2442  3095  -6123
-5528  -2629  3296  -6001
-5425  -2809  3494  -5879
-5330  -2984  3691  -5765
-5241  -3159  3888  -5654
-5144  -3338  4083  -5528
-5026  -3513  4267  -5378
-4890  -3676  4438  -5212
-4748  -3829  4602  -5048
-4609  -3983  4769  -4892
-4475  -4141  4939  -4738
-4338  -4298  5105  -4571
-4190  -4448  5263  -4388
-4030  -4592  5414  -4199
-3868  -4730  5557  -4015
-3709  -4859  5689  -3834
-3549  -4979  5814  -3643
-3377  -5094  5937  -3435
-3192  -5208  6056  -3220
-3006  -5317  6165  -3013
-2828  -5415  6262  -2818
-2654  -5502  6352  -2621
-2471  -5585  6435  -2405
-2272  -5664  6508  -2170
-2064  -5734  6571  -1932
-1862  -5798  6630  -1709
-1670  -5859  6692  -1498
-1483  -5923  6752  -1283
-1288  -5984  6801  -1052
-1080  -6030  6833  -812
-867  -6056  6848  -576
-659  -6070  6853  -352
-457  -6084  6857  -129
-255  -6101  6863  101 
-50   -6114  6862  337 
157   -6109  6843  571 
364   -6087  6807  803 
574   -6061  6766  1040
790   -6040  6730  1280
1005  -6016  6691  1512
1211  -5980  6639  1733
1410  -5933  6576  1948
1608  -5883  6508  2167
1811  -5832  6436  2394
2016  -5773  6354  2619
2215  -5701  6260  2831
2400  -5617  6155  3028
2577  -5528  6042  3222
2757  -5436  5924  3426
2947  -5339  5802  3638
3137  -5239  5676  3844
3312  -5134  5547  4030
3474  -5025  5416  4201
3635  -4912  5282  4373
3803  -4793  5138  4553
3973  -4663  4977  4737
4134  -4520  4804  4910
4282  -4371  4630  5063
4419  -4223  4459  5202
4552  -4072  4282  5341
4690  -3913  4090  5488
4830  -3745  3890  5634
4962  -3577  3696  5767
5080  -3414  3510  5886
5188  -3249  3319  5999
5293  -3076  3115  6110
5396  -2894  2901  6213
5489  -2707  2685  6302
5570  -2519  2472  6378
5646  -2333  2264  6454
5725  -2151  2057  6534
5805  -1968  1841  6612
5877  -1773  1611  6679
5936  -1566  1372  6728
5982  -1355  1135  6762
6019  -1149  906   6789
6049  -944  676   6811
6072  -738  441   6829
6088  -530  202   6835
6099  -324  -34   6833
6107  -120  -262  6828
6115  82    -484  6823
6118  285   -710  6814
6113  494   -947  6792
6095  710   -1188  6756
6064  920   -1419  6708
6022  1117  -1633  6649
5972  1304  -1842  6583
5919  1498  -2062  6514
5866  1703  -2290  6443
5808  1910  -2519  6367
5741  2111  -2741  6280
5666  2309  -2958  6181
5586  2503  -3168  6077
5503  2691  -3369  5970
5414  2872  -3566  5860
5314  3049  -3759  5739
5203  3222  -3946  5606
5088  3387  -4124  5466
4969  3547  -4301  5323
4845  3712  -4482  5174
4710  3880  -4659  5013
4569  4039  -4825  4844
4429  4184  -4983  4679
4293  4329  -5143  4522
4155  4480  -5304  4362
4009  4629  -5457  4186
3847  4766  -5597  3988
3672  4893  -5730  3779
3491  5013  -5855  3576
3316  5125  -5969  3381
3147  5228  -6074  3185
2975  5328  -6179  2977
2790  5431  -6281  2758
2596  5528  -6367  2541
2405  5606  -6435  2330
2220  5670  -6499  2117
2031  5735  -6571  1896
1833  5811  -6649  1668
1631  5888  -6716  1443
1430  5950  -6764  1217
1228  5993  -6798  985 
1022  6026  -6827  751 
816   6058  -6852  523 
614   6088  -6869  297 
408   6105  -6871  64  
195   6106  -6857  -175
-19   6096  -6838  -411
-225  6089  -6824  -638
-424  6086  -6812  -863
-627  6080  -6788  -1093
-835  6057  -6744  -1322
-1038  6018  -6684  -1546
-1235  5972  -6619  -1768
-1436  5924  -6554  -1993
-1644  5873  -6488  -2218
-1847  5815  -6416  -2431
-2037  5751  -6332  -2635
-2220  5679  -6235  -2843
-2411  5598  -6128  -3060
-2611  5511  -6019  -3279
-2809  5420  -5911  -3486
-2995  5328  -5797  -3680
-3168  5230  -5672  -3867
-3337  5125  -5536  -4053
-3507  5010  -5393  -4237
-3674  4888  -5246  -4413
-3831  4760  -5096  -4580
-3981  4630  -4941  -4742
-4133  4496  -4778  -4906
-4290  4354  -4607  -5072
-4444  4203  -4430  -5232
-4588  4049  -4249  -5380
-4721  3894  -4065  -5518
-4849  3732  -3875  -5649
-4971  3563  -3681  -5772
-5084  3391  -3484  -5888
-5188  3221  -3285  -5997
-5290  3047  -3079  -6101
-5393  2865  -2869  -6205
-5495  2679  -2660  -6306
-5588  2493  -2446  -6397
-5666  2302  -2222  -6472
-5730  2102  -1992  -6531
-5791  1901  -1767  -6588
-5858  1708  -1547  -6650
-5924  1517  -1324  -6709
-5979  1320  -1097  -6756
-6020  1118  -871  -6792
-6056  918   -645  -6823
-6089  717   -415  -6845
-6113  511   -182  -6850
-6121  305   46    -6844
-6120  104   274   -6838
-6119  -100  509   -6832
-6116  -316  752   -6815
-6105  -537  992   -6783
-6083  -750  1221  -6740
-6051  -950  1443  -6692
-6010  -1146  1666  -6637
-5965  -1343  1887  -6578
-5918  -1540  2107  -6515
-5872  -1735  2327  -6449
-5819  -1933  2548  -6372
-5750  -2132  2765  -6277
-5665  -2327  2977  -6167
-5571  -2518  3186  -6053
-5479  -2707  3392  -5944
-5391  -2891  3588  -5839
-5300  -3069  3780  -5725
-5197  -3248  3980  -5590
-5077  -3440  4193  -5443
-4954  -3633  4395  -5303
-4839  -3804  4566  -5174
-4728  -3943  4709  -5041
-4605  -4068  4845  -4882
-4457  -4198  4992  -4696
-4291  -4339  5151  -4499
-4121  -4486  5313  -4305
-3956  -4635  5471  -4117
-3796  -4780  5615  -3934
-3640  -4912  5743  -3752
-3481  -5026  5858  -3565
-3314  -5130  5969  -3367
-3134  -5234  6081  -3159
-2948  -5343  6193  -2945
-2759  -5451  6300  -2728
-2565  -5549  6394  -2505
-2367  -5630  6471  -2280
-2170  -5699  6536  -2059
-1976  -5766  6603  -1839
-1779  -5836  6670  -1613
-1577  -5900  6725  -1382
-1373  -5948  6765  -1154
-1174  -5985  6798  -928
-975  -6024  6832  -697
-767  -6067  6861  -458
-549  -6098  6874  -217
-330  -6105  6868  18  
-120  -6100  6858  249 
81    -6102  6854  478 
282   -6111  6846  708 
490   -6106  6816  940 
703   -6076  6763  1174
913   -6033  6705  1403
1115  -5994  6654  1627
1314  -5957  6602  1849
1516  -5908  6535  2071
1717  -5844  6453  2289
1913  -5780  6370  2507
2111  -5723  6289  2733
2318  -5658  6194  2964
2524  -5570  6080  3183
2716  -5465  5957  3385
2896  -5362  5839  3579
3077  -5268  5724  3780
3261  -5170  5596  3980
3439  -5056  5454  4166
3604  -4933  5309  4340
3766  -4811  5167  4515
3931  -4687  5016  4692
4097  -4553  4849  4863
4253  -4407  4672  5024
4398  -4257  4496  5178
4536  -4108  4322  5323
4667  -3956  4141  5456
4790  -3797  3953  5580
4909  -3631  3761  5705
5027  -3459  3561  5832
5143  -3282  3353  5956
5255  -3103  3146  6073
5364  -2929  2945  6185
5468  -2755  2742  6289
5563  -2570  2521  6380
5648  -2367  2287  6460
5728  -2161  2057  6537
5800  -1964  1839  6604
5860  -1773  1620  6656
5909  -1576  1390  6697
5954  -1373  1159  6734
5997  -1171  933   6770
6034  -972  707   6802
6068  -765  469   6828
6097  -547  225   6845
6114  -333  -11   6844
6114  -131  -237  6829
6109  66    -466  6815
6109  269   -701  6806
6107  476   -929  6788
6086  678   -1148  6748
6045  876   -1366  6693
6005  1077  -1596  6641
5976  1285  -1832  6591
5943  1492  -2059  6533
5889  1692  -2274  6457
5815  1888  -2490  6368
5735  2086  -2712  6274
5661  2284  -2933  6181
5587  2476  -3144  6084
5505  2665  -3348  5978
5411  2853  -3552  5860
5306  3041  -3756  5732
5199  3224  -3952  5600
5090  3397  -4134  5464
4973  3559  -4306  5318
4843  3719  -4480  5161
4705  3880  -4660  5001
4568  4043  -4840  4847
4435  4201  -5008  4692
4296  4352  -5163  4523
4143  4495  -5310  4337
3980  4634  -5457  4147
3816  4767  -5597  3960
3654  4893  -5724  3774
3492  5008  -5839  3581
3325  5119  -5956  3379
3149  5234  -6081  3169
2961  5351  -6201  2951
